PDB		intra_rmsca		intra_refe_rmsca		inter_rmsca(start|end)		intra_iRMSD		intra_refe_iRMSD		inter_iRMSD(start|end)		ligonly_intra_rmsca		ligonly_intra_refe_rmsca		ligonly_inter_rmsca(start|end)		looponly_intra_rmsca		looponly_intra_refe_rmsca		looponly_inter_rmsca(start|end)		energy_score(start|end)		energy_score_refe(start|end)
1A2K		32827.166|109.172		-18.252|-24.144		1.6763		1.7212		1.1216|2.0161		1.698		1.238		0.880|1.782		0.3013		0.3095		1.1357|1.1644		0.6675		0.7581		0.3658|0.7545		8320.682|296.600		436.879|278.623
1ACB		394.611|-19.340		-25.516|-27.641		5.9786		3.4119		1.6484|6.2581		7.859		4.372		2.025|7.963		5.4532		3.8151		1.4872|5.9714		7.8056		6.1386		2.0873|8.2808		485621.320|61564.334		484140.401|65866.201
1AHW		-5.139|-20.475		-24.520|-30.628		0.5156		0.7962		0.9767|1.1067		0.520		0.734		1.131|1.254		0.2864		0.2598		1.3874|1.4237		0.5834		0.4457		0.6402|0.8803		208.226|139.715		228.848|152.584
1AK4		256.465|-20.700		-21.501|-22.805		1.4780		0.9887		0.9901|1.8065		1.336		0.814		0.944|1.638		0.2645		0.2085		1.3360|1.4411		0.6096		0.4710		1.0576|1.5316		350.191|93.724		152.160|83.378
1AKJ		64.045|-16.822		-23.760|-26.711		4.5633		2.8587		2.3634|5.1963		4.608		3.313		1.134|4.677		2.6043		2.2822		1.0037|2.8541		5.5433		4.8449		1.2410|5.8030		225646.058|10448.666		278167.277|20860.988
1ATN		4147.847|-16.800		-26.619|-28.457		0.7850		0.5478		2.1391|2.3472		1.003		0.687		3.995|4.282		0.4761		0.3711		0.4058|0.6183		0.8661		0.8317		0.3232|0.8965		1724.230|168.037		323.927|155.797
1AVX		541.104|-21.513		-28.539|-33.738		11.6460		8.9569		0.5124|11.6342		11.305		8.974		0.544|11.364		3.2095		2.6609		0.5479|3.2719		4.7845		4.3284		0.4136|4.8436		197482.550|10394.024		211912.362|15489.492
1AY7		-11.234|-17.573		-18.703|-21.755		1.5054		1.0099		0.5543|1.6111		1.303		0.892		0.594|1.437		0.5095		0.5032		0.6025|0.8255		0.8649		0.8050		0.3346|1.0326		205.129|165.981		281.976|178.768
1AZS		-10.120|-16.051		-17.880|-25.981		1.6620		1.3163		1.5149|2.2418		0.844		0.920		0.687|1.091		0.2438		0.1981		0.5568|0.5883		0.6620		0.5165		0.4333|0.6463		276.048|207.099		244.393|184.230
1B6C		3805543.114|-24.674		-25.832|-33.469		2.7032		0.7184		1.3956|3.0400		2.671		0.825		1.537|3.382		0.4917		0.4935		0.3547|0.6561		0.7252		0.7953		0.4514|0.9040		3805847.286|351.628		329.139|271.751
1BGX		1690206.621|19529.134		-40.241|-45.143
1BJ1		2916.332|-21.182		-30.418|-36.598		1.3596		0.7624		0.4259|1.4442		1.372		0.688		0.521|1.559		0.4179		0.2576		0.7728|0.9768		0.6741		0.4430		0.7099|1.0699		2946.591|133.162		122.948|80.754
1BKD		6295696.469|-9.617		-34.605|-43.998		2.3917		2.9921		2.8850|3.8423		3.226		3.730		2.916|4.567		3.2253		3.9484		3.2132|4.7070		4.4330		3.9277		4.5303|6.3718		94765.478|4629.616		97859.325|2407.014
1BUH		171.371|-20.574		-17.332|-26.728		1.1114		0.7989		1.1883|1.6340		1.213		0.966		1.013|1.625		0.5478		0.4210		1.0272|1.2164		0.4968		0.4553		0.7199|0.8214		316.985|104.450		105.537|58.792
1BVK		2.249|-23.530		-19.955|-24.640		1.3491		1.0050		0.9908|1.6063		1.067		0.753		1.271|1.567		0.2517		0.3065		1.2227|1.2601		0.4944		0.6083		0.2436|0.5989		260.029|187.585		190.207|149.599
1BVN		125.583|-29.802		-34.687|-36.152		0.7140		0.5104		0.6235|0.9475		0.998		0.736		0.859|1.261		0.5895		0.5639		0.4464|0.7350		0.7307		0.6375		0.4026|0.8338		489.259|226.077		223.307|181.974
1CGI		85833.328|-11.501		-37.010|-40.039		1.7118		0.5708		1.5331|2.2969		1.882		0.695		1.964|2.693		0.6195		0.6097		1.7826|1.9093		0.7074		0.7216		1.3041|1.4296		88308.987|2462.172		3489.607|3389.112
1CLV		20762109.915|-7.715		-30.679|-35.973		2.8667		3.1116		0.5297|2.9049		7.6409		6.8810		0.8664|7.6451		7.6409		6.8810		0.8664|7.6451		21799886.084|110876.970		1041301.573|150006.738
1D6R		20909241.726|-9.709		-20.686|-22.582		1.6964		1.2578		0.7465|1.8162		1.920		1.493		0.965|2.185		1.3857		1.0062		1.0153|1.5958		1.8407		1.4564		0.5150|1.8358		20911440.473|946.211		2429.037|838.936
1DE4		433.596|-23.227		-25.155|-27.504
1DFJ		3851.817|-24.287		-33.638|-35.945		2.5687		2.1138		1.3771|2.9181		3.276		2.753		1.022|3.395		1.6946		1.6663		0.6740|1.8303		2.4085		2.1400		0.6513|2.4881		73696.380|5399.161		64903.170|6585.663
1DQJ		70229.635|-13.726		-29.093|-34.006		2.4774		0.5863		0.8042|2.6079		2.678		0.590		0.819|2.800		0.4268		0.3326		0.8350|0.9593		0.7234		0.5259		1.0736|1.2189		70802.080|425.065		423.201|376.042
1E4K		123287.037|-9.567		-24.113|-28.120		1.0497		0.4353		2.2402|2.4736		1.204		0.548		2.566|2.667		0.4820		0.3537		1.7047|1.7533		0.8006		0.5403		0.8936|1.1828		123687.884|364.656		444.967|375.233
1E6E		-12.972|-24.118		-21.703|-26.899		0.7361		0.5176		1.0603|1.2876		0.942		0.638		1.013|1.344		0.5835		0.5041		1.0273|1.1701		0.8580		0.7720		1.6410|1.8219		2998.613|2938.134		2881.141|2840.144
1E6J		-13.219|-22.784		-22.531|-28.167		0.6078		0.6580		1.2362|1.3854		0.762		0.913		1.152|1.218		0.5416		0.5193		1.6706|1.7969		0.8104		0.6286		0.4227|0.9701		2354.801|2320.420		2377.030|2348.631
1E96		1221.502|-17.301		-20.076|-23.210		2.6841		1.1769		0.6763|2.7708		2.068		1.085		0.668|2.114		0.2326		0.2624		0.7225|0.7581		0.5958		0.4954		0.9295|1.1086		1310.671|209.184		194.921|144.838
1EAW		1877.186|206.649		-33.890|-39.405		1.0727		0.6009		0.5670|1.2021		1.169		0.692		0.586|1.177		0.5709		0.3559		0.5087|0.6742		0.7656		0.4828		0.4048|0.7894		1790.238|191.826		193.367|149.554
1EER		38237.007|-16.715		-40.724|-43.484		4.7811		5.2581		3.7937|6.0777		5.719		6.237		2.803|6.354		3.4760		3.0940		3.7865|4.9954		3.3372		3.1628		2.7105|3.8460		799652.907|519640.228		696754.617|485545.057
1EFN		946.893|-17.964		-13.835|-20.333		1.0183		0.5791		0.6795|1.2029		0.986		0.563		0.805|1.231		0.2666		0.2699		0.7711|0.7369		0.3783		0.3472		0.9451|0.8859		1089.292|116.646		133.804|89.852
1EWY		-13.265|-18.472		-18.332|-24.302		0.4075		1.6177		1.0071|1.0767		0.514		1.444		0.880|0.947		0.3169		0.5411		0.7989|0.8087		0.5936		0.9838		1.0130|0.9950		2665.118|2548.640		2929.516|2711.090
1EXB		145.701|-30.156		-40.503|-43.909
1EZU		4598894.071|-17.543		-31.578|-35.236		1.8361		2.9613		1.7266|2.5321		1.813		2.954		1.276|1.748		0.7745		0.6960		0.3503|0.8487		1.2311		1.0757		0.3697|1.2744		4770149.847|169352.450		174052.900|170646.016
1F34		43139.620|-14.957		-29.409|-30.701		6.5255		5.4660		0.8042|6.5655		7.132		6.041		0.939|7.048		4.9689		4.7151		1.0467|5.0626		5.8630		4.5982		1.2413|6.0033		726464.923|142503.751		654816.417|148644.921
1F51		7187.653|-15.485		-19.342|-25.951		2.5365		0.9428		1.1921|2.7919		2.920		1.154		0.780|3.054		0.7425		0.7685		0.7985|1.0056		1.0682		1.0512		0.8203|1.2078		8640.868|787.960		2762.124|820.554
1F6M		1111.183|-11.391		-29.073|-34.273		3.1223		0.8438		6.5772|6.9287		3.256		0.992		5.468|6.980		1.0283		0.7708		0.8957|1.2314		1.7746		1.2224		0.8318|1.7296		3734.416|613.486		2582.765|579.356
1FAK		6775.698|-6.942		-32.310|-35.776		0.4598		0.8503		6.0686|6.2435		0.402		0.867		8.536|8.785		0.0466		0.2889		1.9873|1.9880		0.0824		0.5069		0.6537|0.6513		570.992|240.259		256.632|188.287
1FC2		749.994|-13.467		-20.362|-22.992		0.8625		0.3407		1.2361|1.4891		0.845		0.475		1.836|1.980		0.4188		0.4736		2.4505|2.4339		0.4788		0.5658		2.1449|2.1033		1005.469|215.279		311.585|228.816
1FCC		73293.688|-5.001		-5.702|-12.383		3.3796		0.4968		1.5241|3.7121		3.987		0.646		1.149|4.320		0.8070		0.6624		1.0324|1.2002		0.9509		0.6680		0.9929|1.3415		73564.419|345.815		288.466|229.081
1FFW		195.003|-12.774		-19.554|-23.245		2.0983		0.9441		1.1356|2.4199		1.963		0.874		1.536|2.622		0.6533		0.4091		1.7920|2.0098		0.9683		0.5376		1.7801|2.1924		368.044|118.450		179.682|155.052
1FLE		123164.261|193.803		-25.231|-28.300		1.0450		1.2869		1.1778|1.5686		1.379		1.363		1.593|2.167		1.3710		0.3491		2.7823|3.1211		1.6674		0.4407		1.9297|2.7665		121664.856|613.078		185.492|127.729
1FQ1		8013.089|-17.837		-19.857|-23.269		1.7437		0.7261		2.0894|2.7232		1.446		0.742		2.514|2.433		0.3276		0.2300		0.8030|0.8611		0.7217		0.5096		0.5145|0.9753		8199.085|144.002		141.545|111.358
1FQJ		597.616|-17.679		-19.156|-26.946		0.6657		0.6974		0.6634|0.9355		0.854		0.768		0.760|1.109		0.3984		0.3909		0.8913|0.9618		0.6117		0.6008		0.9394|1.1103		855.227|328.864		379.937|327.704
1FSK		-9.846|-32.550		-22.548|-33.891		1.0507		0.6074		0.3374|1.1062		0.873		0.630		0.532|1.040		0.2421		0.2940		0.6516|0.7144		0.4861		0.5362		0.7055|0.8712		238.756|190.436		262.557|212.655
1GCQ		-17.411|-19.560		-19.192|-22.073		0.8615		0.6946		0.9184|1.2875		0.751		0.709		0.646|0.896		0.4298		0.3082		0.6183|0.7296		0.5937		0.4212		0.3806|0.7046		3231.430|3192.489		3093.790|3067.191
1GHQ		-8.871|-11.465		-7.611|-8.823		1.0792		1.5032		1.0009|1.4690		1.116		0.979		0.506|1.160		0.5359		0.4835		0.7466|0.9040		1.1984		1.0415		0.5378|1.2337		2458.291|946.372		2525.145|570.882
1GL1		1718.002|-18.959		-19.548|-30.991		0.9889		0.3363		0.8172|1.2979		1.257		0.497		1.289|1.869		0.5255		0.4657		2.1078|2.2492		0.5834		0.4930		2.3407|2.4956		5126.046|3373.773		2973.058|2953.426
1GLA		2231.943|-13.574		-16.014|-21.967		0.6635		0.9478		0.6178|0.9100		0.658		0.876		0.887|1.035		0.3063		0.3829		0.4023|0.5308		0.6180		0.7909		0.4418|0.7928		2507.272|227.782		301.595|206.602
1GP2		77.648|-23.648		-25.476|-29.415		2.3919		1.2419		1.6990|2.9437		1.465		0.903		1.700|2.459		0.2382		0.1680		1.7299|1.7853		0.7722		0.4745		2.6174|2.9242		259.999|130.525		157.615|121.658
1GPW		189.103|-19.180		-26.763|-30.727		2.2850		2.7257		2.7379|3.5795		2.375		2.523		0.885|2.477		1.4637		1.5963		0.6303|1.5279		2.5500		2.4660		0.4811|2.5029		38644.194|3795.110		35852.709|3566.018
1GRN		299.495|-14.967		-19.503|-23.022		1.6853		1.0777		1.3176|2.1352		1.500		0.921		1.091|1.894		0.2184		0.2238		1.7447|1.7550		0.4679		0.4787		1.7250|1.7627		650.361|302.982		301.226|273.619
1GXD		16100.261|-11.400		-13.108|-26.882		2.6692		2.7341		2.7442|3.8372		1.935		2.475		1.990|3.036		0.8525		0.6395		1.9621|2.1543		1.5456		1.2119		1.4140|2.0399		21130.005|3544.099		5341.579|3521.965
1H1V		816227830.416|31391.229		-28.424|-32.486		5.7562		7.4036		9.7790|11.2387		5.591		6.253		13.759|14.447		1.1628		1.5952		14.0899|14.1662		1.9522		1.5062		14.4978|14.6459		774860991.959|55751.412		80686.587|53218.481
1H9D		361.197|-8.968		-26.101|-29.856		4.1207		0.7070		1.3530|4.3225		4.092		0.699		1.239|4.307		0.8131		0.5306		1.0733|1.2537		1.2194		0.7943		0.9083|1.3595		2970.520|548.681		2553.877|1728.200
1HCF		24.214|-12.242		-17.812|-24.412		1.7433		4.2257		1.2316|2.1099		2.200		4.504		1.040|2.510		1.4565		1.9993		0.7630|1.6598		2.1678		3.1733		1.1477|2.5408		82175.826|9195.143		102921.867|6479.388
1HE1		23176974.941|-17.678		-25.034|-26.738		2.5852		0.5760		0.8233|2.6995		2.276		0.599		0.931|2.404		0.5982		0.5327		0.9246|1.0190		0.9182		0.7366		0.8695|1.0902		37785.580|413.154		418.923|356.255
1HE8		-8.239|-12.603		-14.226|-17.064		0.4201		0.4271		1.8139|1.8648		0.604		0.546		0.910|1.079		0.2453		0.1654		0.6362|0.6533		0.5750		0.4337		0.5109|0.7087		161.075|107.839		106.370|81.467
1HIA		396039.569|-12.659		-34.752|-35.866		1.9245		0.7845		1.1070|2.1772		2.377		0.930		1.553|2.807		1.8858		0.5622		2.0469|2.7053		2.3454		0.6908		2.0435|3.0776		398394.855|929.610		153.082|115.193
1I2M		86503131.750|-18.749		-40.174|-43.428		2.4984		1.3164		1.5405|2.9908		2.780		1.697		1.902|3.380		1.5434		1.7986		2.2277|2.9145		2.6316		2.9423		3.1171|4.4812		86527726.961|1582.256		29201.855|2457.511
1I4D		1180.083|-2.292		-21.519|-25.476		3.9334		4.4105		1.1013|4.1009		4.159		4.617		1.305|4.352		2.0726		2.4228		1.3730|2.5172		4.0941		4.8156		2.3289|4.7676		400583.727|70444.555		369158.171|35809.055
1I9R		-21.615|-28.207		-21.207|-30.261		4.1238		1.7573		1.1634|4.2778		2.803		1.675		1.587|3.278		0.6971		0.5882		1.6501|1.7900		1.7660		1.6112		1.0342|2.0576		6704.254|2305.314		2766.385|1124.390
1IB1		4935414.604|399.968		-12.742|-20.276		7.2016		6.9623		2.0296|7.4945		9.114		8.136		1.878|9.022		3.5437		3.5197		0.6491|3.6688		4.8705		3.6722		0.7122|4.8888		4995016.438|23371.580		256495.116|37656.709
1IBR		56831.413|5034.747		-39.976|-42.022		3.3032		1.7410		3.2848|4.3723		3.400		2.050		3.388|4.928		1.3915		1.8852		3.9008|4.0195		1.8718		2.4411		4.5360|4.7741		211933.264|152091.345		180425.051|166300.055
1IJK		-7.827|-18.119		-20.452|-23.899		1.1221		1.0637		0.7752|1.3615		0.948		0.978		0.633|1.196		0.3002		0.2982		0.4346|0.5216		0.6996		0.6102		0.3867|0.6958		221.724|174.485		213.444|177.931
1IQD		1631.589|-24.012		-31.630|-36.966		0.6507		0.6537		0.3450|0.7453		0.783		0.730		0.500|0.889		0.3113		0.3046		0.6560|0.7583		0.6376		0.6025		0.8980|1.1712		1734.808|211.725		263.006|212.392
1IRA		1894433726.273|1107362.313		-24.109|-33.930
1J2J		6.543|-16.089		-16.592|-19.837		0.6648		0.5354		1.0313|1.2172		0.846		0.720		0.901|1.258		0.4373		0.4535		1.1419|1.1631		0.4740		0.5127		0.7751|0.8839		241.056|194.870		237.811|193.003
1JIW		8717.263|-17.827		-11.731|-17.195		12.1521		11.2943		1.2334|12.2013		15.451		15.088		1.733|15.600		4.9712		5.8620		1.3731|4.9791		7.3218		8.5697		0.9413|7.0985		853885.834|89154.470		817061.227|51528.800
1JK9		14106.889|-18.246		-20.026|-23.364		9.3999		10.3351		3.2510|9.8251		8.172		9.779		1.808|8.429		3.5383		3.5705		0.7642|3.5768		3.9088		5.3191		1.1365|4.1644		271983.051|8855.629		270165.690|9110.004
1JMO		35548811.988|-0.615		-23.766|-27.224		2.2191		1.7790		3.0092|3.5925		2.007		1.973		4.482|4.601		0.3864		0.5614		0.4669|0.5880		1.4190		1.6620		0.4661|1.5122		35551156.334|594.155		2463.833|566.276
1JPS		-14.666|-20.919		-25.415|-29.053		1.0297		2.6993		0.8300|1.2884		1.227		2.457		0.683|1.312		0.9205		0.9558		1.0745|1.3044		2.0011		1.6938		0.5552|1.8555		13400.152|1224.249		14934.147|3269.838
1JTD		171.165|-22.272		-20.305|-29.010		3.1580		4.4145		0.4824|3.1828		3.215		3.820		0.415|3.184		1.4215		1.3776		0.3287|1.4470		2.8620		2.6800		0.3550|2.8592		41007.570|1682.518		37868.193|2801.348
1JTG		25.601|-27.161		-28.354|-31.677		3.9826		2.8155		0.4633|4.0114		3.279		2.204		0.554|3.240		1.3757		1.0437		0.6216|1.5700		1.9254		1.3937		0.6165|2.1537		42902.249|33343.127		42308.843|32306.269
1JWH		384900.329|-7.264		-18.525|-24.842		3.6317		1.4043		1.2638|3.8479		3.305		0.977		1.478|3.643		0.3543		0.2267		1.1390|1.2195		1.0179		0.5531		1.5600|1.8207		385275.672|524.456		265.977|220.493
1JZD		39618.358|-13.587		-29.235|-32.269		4.8948		2.1396		2.6987|5.5713		6.330		2.723		2.849|6.931		3.0513		1.6591		1.4323|2.8443		4.6840		2.7574		1.9832|4.1498		168974.305|11188.294		127469.327|6770.717
1K4C		99.542|-24.896		-28.280|-33.206		0.7025		0.7923		0.3565|0.8056		0.994		0.816		0.518|1.205		0.5504		0.3811		0.8215|1.0630		0.7763		0.4931		1.0026|1.4840		234.836|142.967		125.728|85.442
1K5D		53603.652|-23.527		-35.915|-38.562		9.4482		10.2368		1.2374|9.5611		6.765		9.195		1.193|6.576		2.3210		2.3370		0.7937|2.4508		4.6615		4.8903		0.9214|4.8555		272118.259|100681.983		237493.077|103043.867
1K74		183.031|-31.588		-25.025|-35.337		0.4773		0.9296		1.4506|1.5237		0.482		0.777		0.938|0.997		0.2401		0.2182		1.0571|1.0733		0.5077		0.4003		0.3590|0.5172		527.730|273.357		338.004|281.953
1KAC		461.039|-14.922		-16.792|-20.648		0.8040		1.9725		0.7199|1.0782		0.801		1.846		0.877|1.191		0.4763		0.6377		0.9607|1.0733		0.7921		1.0807		1.3071|1.5260		3134.804|411.009		2627.743|720.334
1KKL		-7.670|-23.379		-21.877|-24.050		1.2411		0.3274		2.2467|2.5655		1.222		0.511		2.354|2.111		0.5493		0.4565		0.4808|0.7367		0.6789		0.5427		0.3880|0.7875		406.798|255.702		282.795|242.402
1KLU		1561.932|-17.164		-16.173|-22.425		3.4754		4.4346		1.2212|3.6873		2.331		2.199		0.760|2.285		0.3843		0.7278		0.9455|1.0901		1.0537		1.9455		1.3566|2.0190		8627.884|467.805		29206.845|900.330
1KTZ		30.340|-17.173		-16.829|-20.377		12.5330		2.0176		1.2670|12.6534		12.931		1.983		0.575|13.035		0.9508		0.4658		1.7797|1.9510		1.5323		0.8303		0.4985|1.4989		2469.614|891.670		2404.980|413.786
1KXP		2043.792|-24.203		-39.843|-47.533		7.9603		2.3067		1.6861|8.0987		7.018		2.036		1.037|6.919		1.1052		0.8471		0.8851|1.3780		2.6299		1.8966		0.6052|2.5725		20231.362|1976.365		18214.271|5114.541
1KXQ		302.347|-31.234		-34.319|-36.032		23.0832		25.5197		0.5123|23.0526		27.117		27.872		0.624|27.386		1.3879		1.3011		0.0660|1.4017		1.9190		1.5405		0.0813|1.9299		958075.500|6260.161		958169.745|905.994
1LFD		5565.848|-12.781		-18.933|-19.871		1.6315		0.4992		1.2947|2.0960		1.326		0.562		1.788|2.261		0.3345		0.3365		1.9716|1.9802		0.5893		0.5229		2.1511|2.2230		6118.795|289.247		132.465|114.256
1M10		3335483.274|-0.025		-28.602|-31.771		5.0984		5.1767		1.5303|5.4555		4.503		5.047		1.947|5.095		2.1064		2.3053		1.2355|2.6096		1.5510		2.5762		1.4660|2.1340		3414177.455|51419.954		78362.977|53920.199
1M27		30.250|-13.811		3.984|-19.236		1.5432		0.8497		0.8574|1.7649		1.371		0.729		1.110|1.817		0.1095		0.1163		0.6405|0.6201		0.2118		0.2213		0.7334|0.6533		128.550|58.771		68.755|43.528
1MAH		1303.281|-24.307		-29.745|-30.966		2.6805		0.6756		0.7443|2.7734		4.401		1.128		0.664|4.453		1.5359		0.8598		0.7437|1.5602		1.2123		1.0956		0.7264|1.1875		6757.484|3377.260		5723.463|3633.132
1ML0		7871.018|-15.023		-33.581|-35.297		2.4101		5.2024		1.5139|2.8144		5.137		8.792		1.300|5.094		6.5498		4.9116		1.2300|6.4828		8.0598		5.9219		1.0308|7.8720		815376.259|79330.826		722155.656|123432.119
1MLC		138.705|-7.520		-23.489|-28.455		0.4369		0.5633		0.9719|1.0619		0.456		0.675		0.786|0.836		0.2921		0.2946		0.7471|0.7798		0.5179		0.4374		0.5135|0.6400		319.709|220.472		299.513|190.985
1MQ8		9.922|-15.537		-13.966|-18.297		1.0446		0.6903		2.0571|2.3005		1.025		0.765		2.191|2.614		0.2564		0.1995		2.6913|2.6900		0.5554		0.4394		1.6701|1.6410		261.041|199.501		255.340|205.888
1NCA		-22.203|-27.759		-26.504|-32.835		1.2435		2.4405		0.1690|1.2552		1.052		2.109		0.252|1.083		0.3828		0.5709		0.2462|0.4554		1.0096		1.5469		0.3301|1.0652		4711.549|918.073		5131.130|2244.425
1NSN		12.512|-18.422		-14.910|-27.163		0.4428		0.5771		0.4241|0.6175		0.572		0.680		0.647|0.869		0.3787		0.3105		0.8628|0.9547		0.6279		0.5125		0.4651|0.7699		401.634|326.096		416.112|351.107
1NW9		154.199|-18.579		-30.557|-33.271		1.5965		0.7183		5.7636|6.0075		1.369		0.784		8.175|8.156		0.6547		0.4978		0.6294|0.7351		1.0404		0.7683		0.6366|0.9678		2784.783|2576.866		2562.836|2530.150
1OC0		98.710|-14.096		-17.845|-23.491		1.0294		0.5330		1.2932|1.6636		2.007		0.930		1.077|2.283		0.5465		0.6519		1.3962|1.5215		0.6744		0.7369		1.5302|1.7215		300.540|146.574		268.937|184.002
1OFU		4461.704|-19.240		-29.366|-35.876		2.4079		0.4966		0.8596|2.5157		2.105		0.485		1.046|2.172		0.2477		0.1196		0.9655|0.9871		0.6303		0.2855		0.4456|0.7537		4647.010|172.851		174.381|144.391
1OPH		-1.093|-24.553		-25.065|-29.612		1.0221		0.8826		1.2375|1.6036		0.764		0.590		1.028|1.102		0.4040		0.2280		0.3220|0.5151		0.7812		0.4463		0.2327|0.8114		606.451|424.901		403.249|349.998
1OYV		346723.254|-3.887		-33.638|-36.483		1.9433		0.6967		0.6244|2.0322		2.084		0.786		0.721|2.168		0.7276		0.4026		0.9555|1.1587		1.0821		0.5850		1.0403|1.4680		347098.660|295.824		313.624|274.738
1PPE		-2.592|-27.580		-27.575|-29.240		2.7887		3.9370		0.4329|2.8359		3.636		5.191		0.496|3.802		5.7167		5.4588		0.4416|5.7932		6.0707		5.7823		0.4226|6.1500		388017.422|33362.553		397267.341|53057.958
1PVH		7258.087|-13.817		-7.663|-13.495		6.9892		15.3287		0.8002|7.0330		7.875		16.100		0.680|7.929		4.1271		4.7665		0.8720|4.1827		8.0091		8.9667		0.4151|7.9650		889437.159|62017.752		915567.570|14789.754
1PXV		40806473.593|5.241		-30.879|-33.287		1.7893		0.4648		2.0783|2.5579		1.516		0.528		2.487|2.453		0.5649		0.4110		0.8891|0.9313		0.8317		0.6126		0.6754|0.8373		40806708.233|645.411		341.447|196.745
1QA9		-10.997|-14.449		-13.331|-16.854		0.9722		0.6985		0.8026|1.2593		0.835		0.719		0.825|1.117		0.3024		0.5477		0.7578|0.8144		0.5225		0.9334		0.8119|0.9985		252.489|205.436		295.170|247.414
1QFW		-12.189|-25.139		-25.166|-26.761		0.6528		0.3852		1.2411|1.3935		0.571		0.363		1.072|1.251		0.1951		0.1768		1.8282|1.8263		0.4136		0.3525		1.0061|1.0415		228.619|170.307		216.199|176.816
1R0R		-10.191|-20.421		-28.325|-30.207		2.1314		0.8016		0.3847|2.1674		2.738		1.230		0.511|2.806		0.9806		1.3899		0.6195|1.1863		1.2808		1.4502		0.6666|1.5224		2443.440|718.879		2407.657|991.286
1R6Q		706.688|-14.191		-10.288|-16.817		3.6561		4.4427		1.3271|3.6807		4.029		4.462		1.631|3.914		3.1454		2.5455		1.7000|2.9155		5.2218		3.9271		2.4689|4.4225		311259.783|30397.098		183855.737|12393.377
1R8S		6579.497|-5.232		-39.969|-43.111		4.9995		7.5504		1.7923|5.1248		4.964		7.217		2.210|5.318		3.0830		2.8465		2.2311|3.2764		4.2858		2.8634		3.2942|4.9268		226134.667|25326.409		222743.864|8090.240
1RKE		13826900.486|-14.720		-26.463|-30.054		8.0727		1.4717		2.6288|8.2516		6.916		1.482		2.891|6.417		1.9482		1.0833		1.1272|1.9911		2.7034		2.0495		1.6961|2.5233		13844775.583|3415.497		26887.932|1844.794
1RLB		4030897.225|-8.368		-19.648|-23.141		1.0206		1.6566		0.7449|1.2633		1.058		1.638		0.670|1.234		0.3453		0.5154		0.5267|0.6313		0.6988		1.0045		0.4485|0.8596		4031119.797|248.041		1838.806|387.960
1RV6		-11.962|-29.699		-25.886|-29.904		0.9935		1.0252		1.8564|2.0889		1.230		1.112		1.268|1.622		0.5865		0.3667		1.0659|1.1172		0.9037		0.5522		0.9477|1.1169		4850.938|3305.329		4764.088|3646.641
1S1Q		52.753|-15.109		-17.482|-18.252		2.2081		0.9043		0.8675|2.3513		2.189		0.968		0.965|2.328		0.6912		0.7013		1.1034|1.1538		0.8462		0.8161		0.9638|1.1058		3106.710|2932.789		3170.174|3035.895
1SBB		-2.130|-19.768		-17.882|-22.314		1.5768		1.4777		0.7325|1.7306		1.107		1.198		0.599|1.240		0.2541		0.1706		0.8904|0.9016		0.6054		0.3995		0.3458|0.7045		224.493|149.894		157.805|129.638
1SYX		1761.088|-17.550		-13.565|-18.626		2.0984		0.9689		1.4370|2.5409		1.992		0.922		1.626|2.555		0.0964		0.7970		1.3631|1.3787		0.0631		0.7399		1.3412|1.3546		4434.729|2680.892		2514.744|2463.828
1T6B		517.045|-21.124		-22.400|-30.798		0.3159		0.7681		1.3142|1.3502		0.418		0.853		0.881|0.866		0.2972		0.3254		0.6029|0.6579		0.5836		0.6003		0.2833|0.5998		541.942|288.176		421.206|260.138
1TMQ		76.946|-19.783		-28.562|-31.600		11.2448		4.3590		0.5145|11.2840		13.604		5.608		0.643|13.595		5.0669		3.2694		0.8516|5.1293		6.8531		4.6817		0.9210|6.8551		668564.372|111763.260		687995.586|120184.293
1UDI		24732.774|-22.091		-33.979|-36.328		6.2215		5.5140		0.5980|6.2413		7.317		6.778		0.723|7.534		5.9798		5.3883		0.8546|5.9992		5.4071		4.3047		0.8479|5.5213		384821.242|76461.647		352648.265|136911.995
1US7		-0.110|-16.050		-12.396|-14.610		1.6112		1.6990		0.8986|1.8403		1.220		1.307		1.046|1.583		0.3400		0.3726		1.0082|1.0435		0.6097		0.6720		0.3625|0.6109		262.633|193.980		274.061|184.670
1VFB		-8.531|-23.584		-19.949|-26.909		0.1179		0.9676		0.7697|0.7785		0.123		0.947		0.960|0.978		0.0940		0.2655		1.0619|1.0656		0.0007		0.4700		0.2997|0.2998		595.016|510.704		261.043|218.744
1WDW		3427.617|-32.951		-30.809|-35.779
1WEJ		-13.250|-27.108		-22.036|-25.136		1.0489		0.8539		0.8340|1.3401		0.990		0.971		0.511|0.972		0.3254		0.3375		0.3547|0.4768		0.5862		0.4755		0.3241|0.6761		3144.817|3051.318		3105.460|3060.789
1WQ1		56.540|-21.460		-26.988|-31.483		2.0423		1.2341		1.0050|2.2750		1.966		1.515		1.074|2.278		0.7681		1.2007		1.0617|1.2944		1.3189		1.9278		1.7300|2.1596		13213.112|1059.608		13292.304|1978.977
1XD3		59.226|-18.230		-18.395|-23.318		1.7761		1.0738		1.0988|2.0808		1.601		1.173		0.870|1.813		0.4555		0.4259		0.8171|0.8447		0.6975		0.6651		1.0915|1.1768		4921.743|3071.195		4479.958|3022.755
1XQS		4391.484|-11.126		-21.444|-40.305		1.3755		0.3979		1.7656|2.2370		1.385		0.469		1.575|2.145		0.4484		0.3039		0.6704|0.7996		0.6926		0.4903		0.3777|0.7634		4731.968|409.589		374.567|305.253
1XU1		732.725|-16.560		-15.848|-19.481		0.9107		0.8902		1.2628|1.4989		1.347		1.502		2.254|2.515		0.5878		0.5364		3.3150|3.2818		0.4687		0.5341		0.5515|0.8022		887.898|137.419		230.640|144.446
1Y64		3924614.959|125388.844		-20.359|-32.516
1YVB		12.704|-18.327		-18.905|-25.426
1Z0K		29.109|-17.284		-14.580|-18.024		10.4074		10.6400		0.7644|10.3965		10.606		12.304		0.837|10.778		4.9587		4.8429		0.8304|5.2059		6.1943		5.8246		0.8891|6.5513		424634.729|114140.706		536316.951|159253.067
1Z5Y		17428.187|-5.360		-19.287|-25.698		5.4209		4.0518		1.1039|5.4676		5.263		4.591		1.197|5.113		3.1143		3.1751		1.1904|2.8859		5.7622		5.5345		2.2977|5.1739		331122.194|35465.332		256555.513|15330.703
1ZHH		729.890|-12.927		-20.375|-23.432		3.3087		0.7829		2.5095|4.1859		3.164		0.759		1.693|3.346		0.3681		0.3745		0.7356|0.7985		0.7915		0.8581		1.1872|1.3159		1107.152|259.427		388.412|256.391
1ZHI		187.144|-19.651		-22.539|-26.636		7.0420		7.2413		1.1540|7.1275		6.968		7.472		0.813|7.035		3.7555		3.0267		0.9178|3.7604		7.2539		6.3640		0.5917|7.1052		484401.434|76886.079		467237.944|22049.594
1ZLI		367206.606|135.313		-24.658|-30.928		10.7058		5.3061		1.7729|11.1502		13.646		6.407		2.439|14.253		4.2756		4.1587		3.7805|5.7940		5.1830		4.9906		3.9844|6.7835		874295.384|107157.313		611934.236|144552.495
1ZM4		28.643|-20.833		-17.986|-23.460
2A1A		1156.755|-14.987		-17.035|-18.121
2A5T		953.946|-6.886		-16.428|-19.728		3.0065		1.3712		0.8984|3.1447		3.367		1.620		0.998|3.601		1.2961		1.3986		0.6929|1.5021		2.7689		3.0297		0.5306|2.8797		33915.413|1686.152		32699.435|2723.687
2A9K		42792.863|-12.607		-22.302|-25.488		3.2404		0.5991		1.0024|3.3918		1.798		0.575		0.756|2.102		0.3531		0.3079		0.6076|0.7002		0.5704		0.5069		0.8580|1.0185		43244.827|436.270		518.166|427.954
2ABZ		181.472|-20.130		-16.271|-22.180		3.5274		1.0675		0.8901|3.5872		4.370		1.387		1.401|4.423		1.5385		0.7284		1.9141|2.1816		1.7292		0.8024		1.9687|2.2752		6147.323|3365.969		3261.384|3129.027
2AJF		70.339|-22.789		-25.161|-32.358		1.3718		0.5533		1.2257|1.8407		1.198		0.718		0.743|1.462		0.3380		0.2971		2.4215|2.4491		0.6318		0.5863		0.8071|1.0891		439.655|253.551		448.065|279.809
2AYO		6849.388|-14.772		14.828|-20.921		3.0491		3.3239		1.6275|3.4476		3.986		4.158		1.537|4.172		3.8219		5.4143		0.9571|3.9217		4.2469		6.4502		1.1254|4.3560		629972.497|143425.946		617790.942|46867.556
2B42		654.129|-0.008		-37.470|-43.206		1.2310		1.7041		0.6174|1.3442		1.326		1.902		0.658|1.419		0.9380		1.3150		0.7112|1.0339		1.4956		1.9831		1.0958|1.5201		75067.199|68920.669		79452.966|75278.808
2B4J		361.592|-4.716		-15.874|-18.444		0.7148		0.7719		1.1379|1.3380		0.862		0.929		1.063|1.274		0.2321		0.4139		1.1169|1.1122		0.3474		0.6218		1.2963|1.3407		520.108|171.685		250.656|152.081
2BTF		9812.261|-9.719		-19.162|-29.165		0.7694		0.7983		2.3497|2.4151		0.891		0.752		0.810|1.251		0.4714		0.4353		0.4857|0.6591		0.8137		0.7372		0.3631|0.8455		2301.229|345.469		547.791|328.018
2C0L		5508.112|-6.295		-12.226|-15.498		6.0956		4.0561		2.0131|6.2813		5.639		4.389		1.816|6.283		3.2941		3.4280		1.9405|3.8766		6.0166		5.8863		2.8741|6.6258		209314.790|29713.510		272537.825|21953.887
2CFH		-10.953|-23.815		-38.779|-44.668		4.2519		3.3999		1.8085|4.6295		3.916		3.487		2.010|4.388		2.4618		2.7624		2.3524|3.4088		3.7281		3.9361		2.6046|4.4512		247185.249|42410.473		294290.328|17486.124
2FD6		234.173|-15.377		-21.872|-30.259		1.0079		0.5895		2.4999|2.7022		0.902		0.619		2.304|2.117		0.1881		0.1837		3.7537|3.7500		0.5601		0.5433		0.5912|0.7864		528.199|221.575		194.698|161.029
2FJU		4500.562|-16.086		-18.345|-20.981		0.8264		0.6115		1.1718|1.4266		1.074		0.699		0.741|1.404		0.3668		0.2637		0.7244|0.7921		0.7923		0.4401		0.5166|0.9976		4760.056|188.026		158.142|127.459
2G77		22158.788|-13.183		-21.858|-29.969		1.1441		0.8351		1.1655|1.6504		1.284		0.868		1.084|1.661		0.6139		0.4767		1.4719|1.6525		1.1064		0.7816		1.5655|1.9024		22585.245|439.966		494.999|270.153
2GAF		3548.205|-20.851		-34.208|-36.310		3.1325		1.7146		0.7806|3.2274		2.827		1.708		0.695|2.890		0.6663		0.9337		0.6039|0.9163		1.1539		1.6811		0.5070|1.2434		79264.018|63275.669		71496.394|60809.694
2GTP		-5.499|-16.982		-11.999|-17.528		0.6030		0.7534		0.7130|0.9351		0.792		0.762		0.557|0.913		0.5815		0.4480		0.4744|0.7543		0.8158		0.6195		0.4552|0.8411		528.954|357.817		423.009|319.082
2H7V		45974.428|-4.180		-16.831|-23.301
2HLE		2071.286|-13.386		-13.375|-20.159		2.7577		4.7452		1.2595|3.0530		2.615		5.319		1.248|2.942		1.7289		1.5569		0.8587|2.0049		3.1069		2.6173		0.9113|3.4696		21710.328|3654.523		19338.863|2741.099
2HMI		29902.809|-0.002		-13.662|-17.554
2HQS		52383.716|-3.916		-26.403|-30.380		1.1368		0.6823		1.7612|2.1149		1.449		0.703		1.215|1.956		0.8341		0.3737		0.5914|1.1787		1.1916		0.5940		0.6249|1.4469		52713.564|382.238		373.383|256.669
2HRK		954729714775.148|-9.119		-16.917|-20.910		0.9426		0.7708		0.9916|1.3508		0.907		0.769		1.234|1.576		0.5698		0.4111		0.9310|1.0323		0.8050		0.5221		0.5434|0.7860		516.037|264.654		364.022|257.620
2I25		3320.995|-15.855		-25.212|-30.567		2.4606		0.9125		0.8562|2.6273		2.157		0.906		1.127|2.477		0.3389		0.3827		1.0285|1.1336		0.6468		0.7021		1.8048|2.0276		3497.456|194.624		197.315|128.139
2I9B		1415253.573|-11.003		-29.800|-34.370		2.1477		0.8791		3.5978|3.9396		1.785		0.784		3.402|3.690		0.4991		0.3621		2.0052|1.9228		0.8517		0.6174		1.5433|1.6668		1710.495|302.992		324.096|255.843
2IDO		1894.693|-14.218		-17.319|-24.233		1.5005		0.6657		1.8327|2.3419		1.490		0.791		2.649|2.881		0.6504		0.5025		3.3625|3.2821		0.7249		0.5369		2.9111|2.7510		2211.769|284.912		306.962|259.728
2J0T		18354.743|-15.347		-18.992|-22.650		8.0935		3.6688		1.6748|8.2687		7.670		3.846		1.394|7.638		2.7895		2.8561		2.4425|3.3809		4.6780		5.1175		2.0350|4.4999		343112.673|46172.160		231470.668|28419.965
2J7P		337877.302|-0.006		-18.142|-26.728		3.5955		5.8868		2.6420|4.3781		3.418		5.185		2.515|3.847		1.4032		1.4388		2.6087|3.0304		2.6226		2.2060		2.8563|3.9418		145427.704|33199.036		59290.615|32160.080
2JEL		486.595|-15.984		-23.913|-25.953		5.1204		4.0565		0.2842|5.1441		7.769		6.121		0.474|7.786		4.5960		4.2871		0.7023|4.6806		6.0070		6.2379		0.2689|6.0246		1207006.993|367466.345		1212964.131|333477.408
2MTA		-20.365|-23.420		-21.785|-28.140		0.4986		0.7231		0.4393|0.6652		0.610		0.910		0.523|0.816		0.4054		0.3473		0.6206|0.7441		0.6610		0.5979		0.2530|0.7359		316.130|185.458		291.655|169.854
2NZ8		735963.562|-8.822		-32.216|-38.206		2.8415		1.0145		2.0369|3.5303		2.525		1.072		2.081|3.783		1.0427		0.4084		1.9298|2.3422		1.7772		0.6765		3.3922|4.0535		77116.252|765.544		280.280|172.961
2O3B		-1.418|-18.416		-24.458|-31.673		0.8213		0.6014		3.2770|3.3638		0.697		0.572		4.326|4.372		0.1886		0.0522		4.7410|4.7324		0.3910		0.0859		2.6815|2.7145		2654.839|2631.770		2916.568|2902.876
2O8V		2648.786|-6.830		-12.975|-15.677		2.8828		0.8497		0.9332|3.0425		1.881		0.714		0.599|1.946		0.2099		0.1443		0.5737|0.6015		0.4686		0.2915		0.2696|0.5035		2770.154|94.862		83.534|70.918
2OOB		51.938|-18.160		-15.213|-18.688		1.9444		2.9817		0.7942|2.0512		2.406		3.214		0.887|2.413		2.8227		2.3847		0.9479|2.8285		2.9611		3.3583		1.1551|3.1349		64620.274|1123.182		92076.638|2980.515
2OOR		475.630|-26.332		-33.193|-37.057		1.0886		1.3734		1.3048|1.7002		1.189		1.390		1.638|1.967		0.4311		0.4581		2.2296|2.2655		0.7868		0.8015		1.9394|1.9342		1011.658|456.887		582.879|437.054
2OT3		8266.698|-20.571		-29.133|-33.092		4.2826		0.9462		1.8191|4.4157		4.583		0.949		2.306|4.806		3.2066		0.4888		2.5446|3.3840		3.7531		0.7710		3.0794|3.6123		95722.671|16811.099		359.824|222.939
2OUL		-18.906|-23.301		-23.546|-26.336
2OZA		5489.778|-19.856		-27.010|-28.746		2.2525		4.6883		1.6325|2.7091		2.325		4.356		1.739|2.757		1.0356		0.6715		1.5084|1.6351		2.5485		1.7191		2.7217|3.1982		26754.556|4497.920		23338.304|4429.150
2PCC		340.371|-19.975		-20.227|-27.061		1.7363		1.2785		0.3891|1.7799		1.546		1.157		0.579|1.787		0.3200		0.2502		0.4917|0.5877		0.5406		0.4619		0.2876|0.6242		627.689|190.212		225.008|163.967
2SIC		1529.182|-17.963		-26.964|-27.794		0.8078		0.6606		0.3974|0.9028		0.848		0.716		0.589|1.064		0.3183		0.2732		0.6363|0.7228		0.6449		0.5102		0.4277|0.8037		1737.879|171.768		242.730|151.975
2SNI		67.530|-25.444		-28.717|-30.665		0.5980		0.7664		0.3210|0.6703		0.777		0.990		0.381|0.847		0.3091		0.3035		0.4595|0.4959		0.4739		0.4242		0.5521|0.6563		2953.207|2832.648		3017.736|2976.631
2UUY		11346917.931|-7.599		-19.035|-21.614		1.6028		0.6033		0.8280|1.7954		1.734		0.711		0.981|1.892		0.3218		0.3215		1.7935|1.7314		0.3691		0.4905		0.6201|0.6998		11346852.494|134.252		117.468|63.853
2VDB		153.192|-15.872		-20.740|-21.923		0.4561		0.3526		1.6188|1.6871		0.850		0.698		0.629|0.979		0.8956		0.7945		0.5950|1.1671		0.8227		0.8898		0.5509|1.0193		2584.057|2355.182		2479.862|2333.130
2VIS		1003.889|-22.408		-22.075|-28.456
2VXT		52685.971|-18.840		-34.288|-37.460		1.9518		0.7806		1.8364|2.6468		1.848		0.705		1.795|2.488		0.4784		0.1354		2.4519|2.4756		0.8780		0.0591		2.2520|2.4506		52947.526|323.208		1980.925|1088.033
2W9E		24.376|-13.079		-16.521|-23.845		1.0945		1.0394		0.9708|1.4640		1.259		1.368		1.278|1.594		0.4376		0.5476		1.5803|1.6496		0.7241		0.9491		1.6925|1.8790		508.756|283.284		295.764|200.764
2X9A		797.409|-14.681		-29.543|-31.482		1.9449		0.7157		1.4132|2.3772		1.865		0.750		1.487|2.257		0.3616		0.4839		0.5582|0.6630		0.4404		0.6552		0.5193|0.6761		644.127|337.303		402.973|274.967
2YVJ		-15.296|-29.239		-12.782|-28.125		2.4276		0.6124		0.7479|2.5408		2.794		0.787		0.659|2.911		0.6429		0.6566		0.6707|0.9364		1.0614		1.1730		0.6904|1.2942		2501.021|881.516		2579.899|734.571
2Z0E		5477.120|870.366		-22.091|-31.522		1.8713		1.0441		1.6566|2.4977		1.712		0.943		2.095|2.758		0.1609		0.4002		2.4666|2.4608		0.0809		0.6383		4.0479|4.0416		7954.885|4349.558		2957.909|2916.054
3A4S		6706.869|-20.216		-8.520|-18.693		0.9782		1.6295		0.6987|1.2017		1.150		1.564		0.822|1.457		0.8043		0.8861		0.9012|1.2094		0.9861		1.1346		0.8215|1.3400		12187.095|2945.478		6529.363|3457.423
3AAA		70543750.579|-9.930		-25.010|-29.781		4.2301		1.9245		1.9504|4.6640		4.799		3.029		1.906|4.965		2.1862		3.1909		2.2891|3.2419		3.5471		4.8262		1.5401|3.9672		71006682.991|118966.811		476069.652|52030.731
3AAD		3777928.615|-7.467		-8.202|-13.839		1.2491		0.5017		3.4877|3.7062		1.282		0.560		3.477|3.633		0.4008		0.4318		1.3312|1.3646		0.7038		0.7573		0.8414|1.0666		3719117.112|859.956		478.204|230.693
3BIW		-4.350|-10.576		-8.181|-11.734		0.4389		0.6559		0.4601|0.6347		0.691		0.562		0.463|0.827		0.3719		0.2759		0.4844|0.6075		0.6911		0.5588		0.4753|0.8725		474.329|257.071		278.427|244.357
3BP8		8843.613|-15.140		-16.129|-19.556		1.2590		0.3605		3.0850|3.2933		1.445		0.667		1.565|1.175		0.6210		0.5536		0.5275|0.8106		0.8134		0.7252		0.4535|0.9136		5484.526|148.130		162.460|133.608
3BX7		19377.483|1010.888		-32.588|-38.488		4.6967		3.6961		1.4022|4.9455		4.578		3.647		1.593|4.844		3.0183		2.9715		1.5094|3.4171		4.4727		4.4655		1.6413|4.7999		190608.672|17724.412		185000.537|14145.649
3CPH		98948.298|-15.162		-25.197|-32.079		0.8505		1.4145		1.6998|1.8751		0.876		1.309		1.921|2.112		0.3966		0.4648		1.7543|1.6881		0.6821		0.6977		3.4593|3.2926		73654.843|654.584		413.399|266.788
3D5S		347.919|-14.740		-19.195|-21.094		6.5151		8.5870		0.4116|6.5361		8.444		11.618		0.577|8.371		1.8175		1.4809		0.4278|1.8790		2.3603		1.8396		0.4773|2.4009		381415.273|5326.834		385660.166|4042.367
3DAW		215681.868|-16.262		-34.882|-38.026		1.4109		1.3127		1.5580|2.1012		1.566		1.319		1.626|2.350		0.5986		0.6459		1.5994|1.6622		0.9685		1.0287		1.6430|1.8175		5369.419|3395.073		7478.912|3704.048
3EO1		2994.714|-19.215		-21.100|-23.002		1.5390		1.8921		1.8866|2.4233		1.242		1.387		1.699|1.680		0.3200		0.2458		1.5156|1.4967		0.6844		0.5345		1.1702|1.1830		1147.536|375.843		311.498|273.047
3EOA		1550771197.753|-0.012		-18.145|-22.496		1.0823		1.0844		4.0295|4.1327		1.026		1.042		2.408|3.204		0.3421		0.3376		1.1615|1.2009		0.6485		0.6712		0.3529|0.6164		823.621|318.072		312.151|245.877
3F1P		-7.085|-19.115		-21.798|-26.993		1.4622		0.7405		1.4549|2.0557		1.466		0.741		1.461|1.919		0.2646		0.3683		1.3909|1.3831		0.4379		0.5889		1.2490|1.2296		229.659|161.773		360.462|193.516
3FN1		2608.770|-11.342		-0.962|-17.840		1.4501		0.8342		2.9364|3.1660		1.391		0.962		3.771|3.853		0.8826		0.8483		4.4257|4.3513		1.1329		0.9496		4.0084|3.8470		2831.810|187.733		302.127|186.593
3G6D		234.014|-10.688		-24.214|-31.730		0.9219		0.7159		6.3718|6.4515		1.202		0.876		4.226|4.226		0.8303		0.6616		2.2896|2.3799		0.9361		0.8610		1.7166|1.8264		2896.930|2589.796		3213.738|3113.291
3H11		2393.447|-17.738		1.632|-21.650		12.1668		11.1849		3.3324|12.4670		10.021		9.922		4.528|10.683		4.4885		4.6251		2.9280|5.0735		6.2144		4.5214		5.3338|6.6001		590377.641|31503.771		689232.604|209757.275
3H2V		19.341|-9.267		-5.429|-12.407		1.6711		1.2912		1.4677|2.3228		1.642		1.185		0.972|1.747		0.3272		0.2893		1.2430|1.2422		0.4567		0.4344		1.0506|1.0415		212.026|173.467		225.514|175.921
3HI6		36439.506|-16.077		-19.098|-27.786
3HMX		2707240.130|-19.823		-25.977|-32.797		1.7071		1.2732		3.6976|4.0647		1.602		0.977		1.960|2.039		0.0754		0.4376		3.5201|3.5211		0.2215		1.1705		0.5083|0.5491		2707845.409|1649.774		2694.438|749.053
3K75		-14.085|-15.664		-11.848|-17.981		0.4863		0.6821		0.9388|1.0549		0.443		0.687		0.718|0.842		0.3474		0.3553		0.6882|0.7636		0.6067		0.5607		0.4036|0.7318		231.293|154.902		233.678|149.146
3L5W		3302.681|-20.848		-21.927|-25.425		12.5839		29.9333		1.2739|12.6464		16.728		32.045		1.239|16.631		5.3753		9.0310		1.9035|5.7169		11.9172		14.3776		0.8961|11.9962		1373038.168|143193.170		1320012.793|134788.526
3L89		72246.639|-0.003		-27.239|-32.217		2.5677		2.2713		1.9983|3.2746		3.596		3.467		3.557|5.041		2.8508		3.6703		4.4455|5.1049		3.1694		3.1027		3.2064|4.3193		227596.785|53680.501		158478.464|61236.713
3LVK		36064.238|-12.936		-15.384|-26.111		3.6871		1.2959		0.7006|3.7588		6.609		2.120		0.943|6.791		0.7437		1.1220		1.2624|1.4621		1.1416		1.5214		1.1793|1.6045		38686.920|969.312		2423.862|618.019
3MXW		-9.445|-27.188		-24.944|-29.726		0.7837		1.2289		0.9756|1.2460		0.934		1.152		0.733|1.001		0.4011		0.3460		0.4578|0.5645		0.7541		0.5897		0.6133|0.9127		538.820|332.596		466.132|320.757
3P57		125.646|-10.839		-12.411|-15.166		0.9242		0.9835		1.1574|1.4863		0.859		0.967		1.111|1.348		0.2944		0.2166		1.8436|1.8741		0.5110		0.3806		0.3395|0.5441		378.822|184.722		196.757|167.081
3PC8		-2.607|-19.954		-16.165|-20.270		5.5503		6.5268		0.7760|5.6142		5.925		6.918		0.650|5.849		3.1379		3.4430		1.0675|3.4412		5.5211		6.5227		0.5845|5.6455		376525.465|60883.018		376183.023|34826.010
3R9A		43.691|-18.031		-13.475|-22.462
3RVW		178.857|-19.491		-14.335|-18.766		1.8010		0.5714		0.5737|1.8881		1.421		0.604		0.552|1.510		0.2510		0.2202		0.5307|0.5659		0.5880		0.4935		0.5662|0.7113		625.474|331.675		432.715|315.973
3S9D		57.258|-23.671		-25.220|-29.195		1.9725		1.0898		2.1019|2.9017		1.293		0.872		1.725|1.942		0.3401		0.2798		0.9699|1.0148		0.6277		0.5367		0.7805|1.0082		252.654|172.339		235.793|191.920
3SGQ		63.132|-22.195		-22.071|-24.439		1.0349		1.1285		0.5608|1.1939		1.338		1.366		0.474|1.482		1.0635		1.0956		0.5190|1.2578		1.2760		1.2574		0.4775|1.3965		2500.397|333.198		2445.288|866.204
3SZK		19517.462|-17.822		-14.180|-23.260		2.5674		1.5127		1.4576|2.9747		1.796		1.505		2.049|2.564		0.2864		0.6357		2.1955|2.1663		0.5293		1.1638		3.0334|2.9635		19843.435|336.895		2735.119|1049.718
3V6Z		78625.008|-10.836		-26.287|-32.170		1.6929		0.8970		1.9092|2.5280		1.644		0.936		1.949|2.556		0.6516		0.5407		3.4053|3.4363		1.0941		0.7258		0.9601|1.3572		16099.189|453.925		348.585|295.159
3VLB		-21.828|-34.064		-31.770|-34.249		2.9998		2.8049		1.2346|3.2465		3.069		3.025		0.528|3.067		1.6971		2.2020		0.7024|1.7580		2.9931		4.0470		0.5912|2.9532		86217.286|31338.384		84812.928|32694.015
4CPA		619.355|-17.286		-17.640|-24.423		0.9517		0.7642		0.6035|1.1229		1.254		1.266		0.881|1.515		0.8276		1.2581		1.2696|1.4783		0.9459		0.9911		1.2049|1.4236		4389.900|3509.341		3476.110|3323.504
4DN4		1794.600|-23.819		-19.907|-24.777		1.9200		0.4552		4.1676|4.5816		1.975		0.691		2.076|1.613		0.2488		0.3539		0.9257|0.9633		0.3751		0.5638		0.4139|0.5317		1936.019|105.172		153.788|104.415
4FQI		994.858|-19.225		-24.904|-29.397
4FZA		75227.303|-3.229		-20.178|-22.324
4G6J		535946.199|-12.531		-24.317|-27.876
4G6M		-16.258|-22.504		-22.000|-26.067		1.0533		0.6494		0.5522|1.1906		1.105		0.832		0.579|1.264		0.2439		0.2395		0.6640|0.7001		0.4928		0.4154		0.6386|0.7579		488.136|274.779		292.448|245.526
4GXU		522.730|-15.472		43.862|-17.837
4H03		-1.481|-18.458		-21.525|-24.615		4.3528		3.5030		0.8734|4.4321		3.075		2.436		0.998|3.131		0.6164		0.8995		0.9619|1.1367		1.5419		2.1008		0.5118|1.6587		13926.628|904.263		13209.264|2968.529
4HX3		2569.218|-6.831		-30.248|-33.646		5.8693		2.0524		0.9603|5.9408		4.562		1.983		0.818|4.610		1.1914		1.5290		0.5067|1.1528		1.7463		2.2164		0.5304|1.6028		13273.355|730.466		11632.127|977.931
4IZ7		4376.109|-10.221		-12.846|-15.809		1.3655		0.7543		1.7976|2.2228		1.251		0.927		1.684|2.086		0.4169		0.3535		1.5655|1.5787		0.6325		0.5996		0.9693|0.9644		4566.913|213.873		202.724|157.986
4JCV		20719.886|6214.058		-23.330|-38.667		2.5639		2.3513		2.8963|3.8967		3.883		3.225		1.871|3.972		3.1511		2.9432		1.2688|3.5157		5.7435		5.0265		0.7866|5.9863		161514.012|6804.662		153335.927|5607.351
4LW4		1493.736|-15.340		-19.528|-22.289		1.2538		0.4818		1.0977|1.6560		1.095		0.622		1.567|1.712		0.3380		0.3210		2.3688|2.3542		0.6398		0.5987		2.7329|2.6522		1865.025|337.187		364.988|266.750
4M76		4.532|-11.589		-9.461|-10.846		0.4643		0.6321		0.5966|0.7573		0.530		0.613		0.568|0.660		0.2793		0.2423		0.6810|0.7388		0.7132		0.6224		0.3287|0.7817		244.413|202.559		213.004|178.957
7CEI		-24.988|-28.429		-28.237|-34.718		0.6154		0.8128		1.5256|1.6336		0.705		0.792		1.136|1.304		0.3906		0.3865		1.1774|1.2187		0.5674		0.5625		0.4986|0.7068		261.374|219.217		238.201|203.989
9QFW		-16.246|-23.268		-22.704|-26.706		0.9829		0.8620		1.2485|1.5978		0.673		0.839		1.603|1.669		0.1710		0.2547		1.8282|1.8521		0.4338		0.5939		2.3246|2.4675		325.656|278.792		324.839|227.981
